180.0
0.0
0.0
3.62430749400795
180.0
0.0
0.0
0.0
0.0
180.0
0.0
0.0
3.62430749400795
0.0
0.0
0.0
0.0
180.0
0.0
96.54594995190665
0.0
0.0
0.0
0.0
180.0
0.0
0.0
3.62430749400795
3.62430749400795
0.0
0.0
0.0
0.0
2.562558733123139
0.0
0.0
0.0
0.0
0.0
0.0
180.0
0.0
0.0
0.0
180.0
0.0
2.562558733123139
0.0
0.0
176.37569250599205
0.0
180.0
180.0
176.37569250599205
180.0
180.0
180.0
0.0
4.439222274842884
0.0
0.0
3.62430749400795
180.0
0.0
177.43744126687687
0.0
0.0
3.62430749400795
0.0
176.37569250599205
0.0
83.51171848376698
0.0
0.0
0.0
0.0
0.0
0.0
180.0
0.0
0.0
0.0
2.562558733123139
0.0
0.0
0.0
0.0
180.0
0.0
180.0
3.62430749400795
0.0
0.0
3.62430749400795
0.0
0.0
0.0
3.62430749400795
0.0
0.0
0.0
0.0
3.62430749400795
0.0
0.0
0.0
0.0
3.62430749400795
0.0
0.0
0.0
3.62430749400795
0.0
180.0
176.37569250599205
0.0
2.562558733123139
0.0
0.0
3.62430749400795
0.0
180.0
0.0
180.0
0.0
3.62430749400795
0.0
0.0
0.0
0.0
180.0
0.0
0.0
0.0
180.0
0.0
0.0
2.562558733123139
180.0
0.0
0.0
180.0
180.0
180.0
0.0
0.0
3.62430749400795
0.0
0.0
0.0
0.0
0.0
0.0
0.0
0.0
0.0
0.0
0.0
3.62430749400795
180.0
0.0
0.0
180.0
0.0
0.0
3.62430749400795
0.0
0.0
0.0
0.0
2.562558733123139
0.0
0.0
0.0
2.562558733123139
0.0
0.0
0.0
0.0
0.0
0.0
0.0
0.0
0.0
0.0
0.0
0.0
3.62430749400795
0.0
0.0
3.62430749400795
0.0
0.0
3.62430749400795
0.0
0.0
0.0
176.37569250599205
3.62430749400795
0.0
0.0
0.0
3.62430749400795
0.0
0.0
0.0
0.0
0.0
180.0
0.0
0.0
3.62430749400795
180.0
0.0
83.45405004809336
0.0
180.0
0.0
180.0
0.0
0.0
2.562558733123139
0.0
0.0
0.0
2.562558733123139
0.0
3.62430749400795
180.0
0.0
0.0
0.0
0.0
0.0
0.0
2.562558733123139
0.0
180.0
3.62430749400795
180.0
0.0
0.0
180.0
0.0
3.62430749400795
4.439222274842884
0.0
0.0
3.62430749400795
0.0
0.0
0.0
3.62430749400795
0.0
0.0
3.62430749400795
0.0
0.0
0.0
180.0
3.62430749400795
0.0
0.0
0.0
0.0
4.439222274842884
180.0
83.45405004809336
0.0
0.0
4.439222274842884
4.439222274842884
0.0
