2.413624
97.016556
90.25981
0.50202113
91.63154
2.4328475
93.812584
0.5089886
91.298904
2.4416814
94.15481
0.51510286
90.710464
0.86975664
91.768555
0.5166201
88.5855
1.7659138
93.615005
0.5203939
87.63819
2.43526
94.26467
0.52451366
90.015915
2.4195366
93.9864
0.5278605
89.96703
1.4687375
91.62438
0.52971077
89.181206
0.01978234
90.252884
0.91578466
1.0533199
90.486694
0.2517883
90.3035
3.1510103
94.05698
0.5004596
88.82773
3.809971
90.94723
0.37949178
92.607574
89.60986
0.35936466
0.12511453
90.35221
0.11703392
89.94952
0.027976453
90.01421
1.0181795
90.71372
0.07401874
90.93844
0.22985017
89.93911
1.4978937
89.69571
0.22728193
91.421814
0.37742367
89.58362
0.0
90.407265
87.97043
0.07912937
0.40493524
89.610405
0.08392937
89.82872
0.5226451
90.0387
0.06852804
89.31169
0.0
89.87397
0.0
90.08318
0.09278741
89.86807
0.09065408
90.23259
0.5535543
90.3006
0.09891171
89.90145
0.120331295
89.75447
0.027976453
89.96892
0.0
89.56724
0.0
90.10744
0.0
89.94464
0.0
90.11586
0.14401765
89.94227
0.11869406
89.95868
0.01978234
89.681366
0.108352356
89.84037
0.10087055
90.0358
89.61078
0.0
89.72004
0.19881016
90.48096
0.113640904
89.87659
0.06255725
90.029785
0.01978234
89.973076
0.42243612
89.617226
0.06255725
89.63531
0.06852804
90.035034
0.06255725
89.967766
0.1412742
90.065384
0.08156468
89.83954
0.0
89.98724
0.0
90.04115
0.0
89.98244
0.03426402
89.86223
0.0
90.08463
0.03956468
90.015495
0.06852804
90.0493
0.06852804
90.01535
0.25256422
90.036064
0.22293578
90.25698
0.07401874
89.91846
0.1769387
89.95026
0.0
89.7568
0.132704
89.97461
0.055952907
90.12113
0.18767184
90.0513
0.108352356
90.07174
0.51964134
90.21459
0.096913286
90.57706
0.0
89.93952
0.048456643
0.076616675
89.86531
0.2762456
89.96708
0.0
89.59349
0.055952907
89.93952
0.05233915
89.852104
0.26540816
90.13094
0.14536995
90.112854
89.90843
0.10653117
89.77046
0.044234656
90.005745
0.29074013
89.71699
0.12820424
89.720024
0.0
90.00894
0.6029587
0.5093729
89.654655
2.1223707
86.87518
0.27836248
90.73007
2.3169732
88.98163
0.059347022
88.429634
0.24147442
90.36699
0.647403
88.92247
0.23406796
89.764046
1.1715292
89.524414
0.22205634
88.6151
0.4219727
89.98403
0.2741124
89.64837
0.39067066
89.45416
0.08846932
88.80848
0.27124202
89.835396
0.09065408
89.7241
0.41495875
89.78882
0.21028928
89.48589
89.88718
5.060783
97.804886
89.312
0.53995484
91.09706
3.7377453
83.02658
0.5442861
87.39787
1.3462479
86.725624
0.5446454
91.63496
4.789947
87.9575
0.5446454
91.42898
2.3402555
88.14848
0.5432065
89.15348
2.326415
90.42287
0.027976453
86.89313
85.29217
8.181341
98.60902
90.0074
1.3146244
2.5999265
89.878174
0.19881016
98.27781
0.17804113
86.042206
0.29341984
94.43773
0.18130821
85.81174
1.2645489
94.66863
1.9097759
84.5611
90.00785
1.9239675
3.9892905
89.004684
0.01978234
90.639915
0.16071254
85.907616
1.211923
94.966255
4.8756404
86.47615
1.2046351
85.63903
3.6142755
91.18989
0.0
86.29145
86.29146
1.058509
86.77171
0.6807005
88.05139
2.9199374
89.87291
0.0
87.99093
1.8217714
87.99095
0.5997046
94.41653
0.16312942
88.97453
0.21939689
91.15956
0.16551098
88.82608
0.4776537
91.30897
3.2641077
88.51447
0.31898105
89.52092
0.42150873
89.08022
1.0087184
91.43591
0.42566618
90.34725
1.6137395
88.973404
0.28185523
88.788925
0.16785878
88.60908
0.14803751
90.65605
0.8325125
91.546936
0.6864256
91.47934
0.6379646
90.60266
0.667053
90.424416
0.6404136
90.415306
3.3631313
90.61268
1.058324
88.89545
0.7238871
90.24433
0.7638704
89.65683
0.43968555
89.98416
0.11014342
91.137665
0.2306999
89.44349
0.0
90.93331
0.1467098
90.93329
4.1001177
89.748276
2.166092
88.29065
0.9138596
89.8561
1.4796226
90.24534
0.42704302
88.67954
0.41543004
91.93712
1.92295
87.947876
0.42612565
90.06476
1.1371161
89.82818
3.4092703
89.464264
2.7644918
92.50473
0.8127697
90.49214
1.4265617
89.87253
0.0
91.66584
1.4181691
91.665825
4.2052846
87.51455
0.94460446
89.22236
1.2188463
90.86001
2.9744692
88.44629
0.5818186
89.62817
0.57403123
90.486305
2.583841
90.245705
0.0
93.00018
0.9028733
92.75389
4.986998
86.31514
1.5205847
88.55416
4.289574
91.09267
3.2924151
0.2825486
88.32649
3.5652957
94.02307
0.0
89.03938
89.039375
0.0
90.997635
0.12354069
90.99764
1.8618302
89.40733
1.8105648
90.83374
4.2305436
89.872475
4.115516
93.9156
0.0
91.68163
2.2284434
90.47912
2.2123127
87.88054
0.5961047
89.25714
0.5983981
90.676865
0.5954478
89.19133
1.0640404
90.743
2.9982643
88.30973
0.9534705
91.025635
0.17804113
0.49967703
90.42329
0.0
90.334015
1.1565677
90.33401
0.64981645
88.9979
0.6483091
89.682205
1.658946
89.76802
0.8618463
88.16585
4.971535
91.80651
0.85888976
93.008484
90.40322
0.43790182
1.5536857
89.74572
1.3964772
93.33437
0.0
90.86797
0.20076893
90.86792
0.6119778
91.0237
0.18871158
89.79243
0.6398022
90.4476
90.958885
0.0
89.741936
0.61484873
88.5997
0.51964134
91.5507
0.50744855
89.1381
1.0296462
92.67989
0.52376705
88.434654
1.8121855
92.848305
0.55496645
90.16495
0.87491584
91.110016
0.16551098
92.483246
2.4843557
1.3952155
90.98155
1.2274853
90.811714
3.7973583
90.983315
0.3941611
94.42954
0.5951191
89.23203
0.39762092
89.871666
1.289071
92.25419
0.392669
89.25196
0.39217037
92.7839
0.38966766
87.63336
1.2889192
94.32671
0.0
88.86174
87.38089
2.0995634
2.8914402
90.42917
0.01978234
89.63162
0.57334906
87.91697
0.69210345
92.762726
0.68756497
87.703705
1.5228995
94.69043
0.6918206
86.97718
2.401103
95.18543
0.6988559
89.2723
2.4504833
94.59815
2.2673628
89.71145
89.61379
4.5161386
92.06023
1.2207714
94.536156
4.3066163
89.89282
1.1912403
96.60521
0.9320923
88.73695
0.34149665
90.26757
0.48577777
91.89845
0.3386196
87.85482
1.1713622
94.39449
1.7882692
86.73232
85.764145
5.3623505
97.76797
89.31887
0.5719823
90.79699
3.3855278
83.67523
0.5719823
87.45938
1.8718941
87.0127
0.57061225
91.14539
4.8807006
88.79568
0.56509894
90.851135
1.4721975
89.25753
0.5640592
89.49221
0.49928525
90.616
2.0465055
92.13327
0.027976453
87.02861
0.3345502
85.42636
2.7405972
89.32008
0.33746192
90.80185
2.6412318
88.91178
0.0656106
88.18234
0.2762456
90.12058
0.43924028
89.70883
0.27051967
89.778
0.12354069
90.050934
0.0
0.13988231
89.992935
1.132633
90.53363
0.18871158
88.56642
0.41448697
90.09496
0.23323052
89.589645
0.3891652
89.46378
0.09065408
88.8077
0.27339762
89.84313
0.09065408
89.72059
0.41495875
89.773636
0.2112177
89.48249
89.88446
0.29341984
89.72908
0.044234656
89.72413
0.09278741
90.01732
0.0
89.76275
0.28046334
89.58579
0.048456643
89.967285
0.07401874
89.8626
0.14935343
89.90899
0.22468434
90.42541
0.0
90.09423
0.06255725
89.87916
0.048456643
89.854416
0.115349896
89.916245
0.5185104
89.74939
0.10653117
90.21216
0.19483355
90.0685
0.059347022
90.05858
0.08846932
90.11556
0.07401874
89.91297
0.24628834
90.20057
0.07401874
89.93149
0.44936955
90.51127
0.08392937
90.374466
0.07132625
90.080376
0.0
90.02676
0.0
90.0103
0.0
90.03703
0.0656106
90.03704
0.0
89.87821
0.0
89.98461
0.0
89.864845
0.027976453
90.00246
0.0
90.118774
0.0
90.11678
0.11014342
90.112595
0.0
89.955986
0.44367275
89.56876
0.01978234
89.580605
0.06255725
89.94003
0.1467098
89.98144
0.055952907
89.80629
0.06852804
90.11447
0.51243687
89.61154
0.07401874
89.63495
0.09278741
89.84858
0.5574291
89.40608
0.09065408
89.297554
0.10279207
89.954
0.07912937
89.76155
0.0
89.82122
0.1643245
89.979805
0.6638184
89.22769
0.0
89.31099
0.1370561
89.75674
0.10279207
89.961205
0.01978234
89.491035
0.03956468
89.89678
0.01978234
89.84272
0.07401874
90.7677
0.14401765
89.77102
0.08392937
90.00203
0.0
89.7143
0.076616675
89.92004
0.096913286
90.0412
0.113640904
89.61871
0.3527702
90.16267
0.115349896
89.95242
0.5901665
89.829834
0.31216043
90.53193
0.23490244
90.093544
0.23323052
89.82365
1.2116001
90.065155
0.23821108
91.01451
0.63365597
90.13531
0.0
90.28619
1.0948579
87.84936
0.97136277
90.62522
0.27196246
90.274414
0.34548423
89.69562
3.8118207
92.60798
0.5000685
90.94865
2.2347581
88.82634
2.4131372
90.25928
0.5016312
91.62668
2.4324453
93.81247
0.5093729
91.298584
2.4424827
94.15514
0.5147229
90.71095
1.2911944
91.76804
0.51775515
89.069016
1.3111963
93.13136
0.51926464
87.638145
4.7678113
91.92776
0.5278605
87.809425
2.04306
91.625244
0.6192882
89.78329
0.0
89.096275
93.12565
4.5162253
92.06024
1.2207714
94.48055
2.86389
87.712906
1.2028469
95.066185
1.9529431
87.30009
1.1902543
94.57358
1.7857504
85.76359
1.1706938
86.73313
0.33804125
94.39408
1.2598981
89.92334
2.8946204
91.03278
2.1029165
90.429016
0.0
1.3964772
89.63086
0.57369024
87.91612
1.5906545
94.76571
0.6915378
89.05459
2.1482184
93.3353
0.69997495
89.00733
0.746248
93.14903
0.6974545
87.35897
2.4498441
94.598656
2.2690024
89.71039
89.61394
2.485537
90.98101
1.2274853
90.81206
2.946632
89.09702
1.1651647
93.51522
1.4729949
88.290344
0.39614183
93.012375
0.5954478
0.16668902
89.23223
0.39762092
89.872116
1.3272167
94.00974
0.39167112
89.292564
1.2884636
94.32684
0.0
88.86107
87.3801
0.87536305
92.482994
0.55496645
91.10981
0.72846794
88.75761
0.54608065
91.59617
1.3549414
89.68085
0.5226451
91.79051
1.1286523
90.02703
0.6154849
92.79545
0.0
88.601875
0.98873353
88.60201
0.43114713
92.90289
0.6142119
88.852875
0.43655926
91.9127
1.5456035
89.75147
0.17582935
0.17017418
90.46361
0.6236961
90.97257
0.18345395
90.44718
0.59314305
89.762695
0.5574291
89.88323
0.0
90.409935
90.410095
1.9814954
0.3426407
89.431206
0.85133827
88.15461
4.711228
91.76823
0.74991
92.80677
90.36049
3.4858806
8.194433
95.80285
0.1532334
91.08473
0.32745644
89.5654
0.0
91.37339
91.373375
0.0
92.239555
1.498155
92.24038
1.763141
87.62217
0.9470871
90.45205
2.274
89.103035
1.3932505
88.37
0.0
3.2101007
89.03839
2.9040728
89.03835
1.370022
88.6313
0.29208308
89.6174
0.5267473
90.450294
0.30131596
89.177986
0.30774137
90.89012
2.3872051
89.11243
2.6202497
91.974464
0.0
91.0293
91.0293
3.9031942
93.74383
1.5642301
91.18591
5.047836
88.42549
0.8379011
86.357796
0.0
92.727104
2.4249504
92.97337
0.5322902
90.11503
0.53375864
90.61122
3.0693724
89.49023
1.1563984
88.37164
0.94356817
91.0109
4.2130547
89.0457
1.4291657
87.65253
0.0
91.487114
1.8284196
91.48718
0.82353234
90.48025
2.3705027
89.85646
3.6538231
92.69051
1.1003846
89.58225
0.39465722
89.751
1.8724166
90.61178
1.4515828
87.91603
0.9369084
90.25414
0.94729364
89.82044
0.94976926
90.15278
2.1250436
89.924
3.8499022
88.25893
0.0
89.8404
0.0
90.56468
0.03956468
89.32035
0.0
89.90158
0.027976453
89.271736
0.8751395
90.633286
0.6045791
88.92327
0.5546137
91.01338
3.3301368
89.17502
0.5166201
90.27785
0.55707794
90.684555
0.03426402
90.07045
0.0
90.80205
0.07132625
90.80195
0.8818219
89.95565
0.63489
91.284325
0.21306245
3.114516
86.469505
0.41069293
89.68612
0.6918206
91.03339
0.41116908
89.13311
2.5749626
91.58859
0.3674413
88.77414
88.48001
0.70692915
89.51091
0.15576635
91.09794
0.57437205
89.00912
1.7422613
90.541374
8.115709
1.2461549
89.6535
0.0
86.2837
1.1997519
86.28373
0.027976453
94.97122
0.0
86.04266
0.059347022
90.48229
0.0
89.45412
0.0
90.54385
2.2425392
89.4469
3.3748703
89.415184
0.64406973
85.21255
0.6398022
92.725525
0.0
87.91911
87.9183
10.702779
90.23355
2.6459706
79.42956
0.17132016
85.86998
0.7843453
94.60164
0.17582935
85.105515
0.46813694
90.52067
1.9534442
89.18267
90.17978
0.0
6.3829746
4.739831
2.3745453
2.7630754
4.1410384
4.3965435
0.0
5.654611
0.0
5.9376884
0.0
5.6405916
0.0
6.57453
0.0
0.0
4.338605
6.3830976
0.0
1.9641348
1.4192727
0.97658634
0.5961047
2.3133378
0.59116036
4.305388
0.0
4.1286287
0.0
5.071418
3.8549342
4.571747
4.7799573
0.7715171
4.895089
1.3364733
1.2765623
1.237488
2.2457662
0.6611601
2.3608227
0.120331295
0.7110689
0.7545922
0.6280729
0.10087055
0.8939432
3.2538354
0.23738825
3.8980234
0.059347022
2.0422935
0.0
1.860253
0.91599834
0.48456785
1.5007652
1.8474795
0.23573396
0.13562092
2.5415268
0.0
3.5354054
0.0
4.0809674
5.452334
4.274847
1.7894726
2.4090784
1.2878559
3.2447374
0.78534263
0.0
2.9797297
0.6283844
2.3608227
0.75433284
1.9664252
0.38815826
1.892792
1.9644338
1.2103074
0.7465102
1.4963251
0.0
1.5599706
1.5160737
0.0
0.0
0.19881016
1.8700111
1.4279327
0.39762092
0.6355061
1.5412927
0.0
1.7900193
0.71954906
1.3170041
1.3248557
2.529252
0.81132394
0.29408595
0.06852804
1.425601
1.1623061
1.6740944
2.0421977
2.5697882
0.0
0.9110717
0.8455726
0.0
0.0
1.4587103
2.9400475
0.36207688
0.0
2.0589952
1.4748536
0.113640904
0.0
0.9524438
1.9634372
0.5801346
0.88757265
2.353599
1.56135
3.0317028
1.709949
0.97858804
1.1270908
0.98615736
0.98257923
0.26019627
1.8716849
2.4542346
3.2903926
2.3055408
0.09278741
2.092467
1.3690219
0.87670326
1.4022108
1.5358233
1.0056098
1.0520186
1.7460762
1.2973933
0.7679581
1.952843
1.5967941
0.45970127
2.1530416
1.9063913
0.12354069
2.3437655
2.2275648
0.23821108
2.9813058
0.7107937
0.11869406
0.4135417
1.1999149
1.2319411
1.0172181
3.4972079
1.9143817
2.3891723
0.28185523
3.4411662
2.0524263
0.0
2.643528
1.7160039
0.33746192
2.4102967
1.3928291
0.6519209
2.1691618
1.0797404
0.941492
1.9237641
0.7727842
1.677481
3.35608
2.0336504
3.7373261
0.0
0.0
3.9746845
2.5755706
1.7685715
0.26244262
3.549334
3.3935566
1.6853954
3.8475106
3.4095004
3.5073266
1.0387284
3.950618
2.2691748
4.080727
1.2338456
3.1546116
0.4722982
3.0412445
4.5177865
1.6588281
1.8376014
0.67550635
0.6994157
1.7253302
1.044552
1.9532439
1.3475555
2.1775367
1.6601253
2.3947365
1.9841602
2.6010556
2.3216987
2.7914093
1.9255943
2.3394191
0.31027427
2.0695193
2.5568836
1.1716962
1.4829253
4.331331
0.0
3.3277256
0.0
3.5822253
1.8580422
0.0
2.491122
0.0
3.2748265
3.3726652
4.8396263
4.525454
5.111209
3.4174154
0.4973219
4.0987797
5.267191
5.19535
0.0
3.9279997
3.036155
0.9108569
4.2584133
4.553071
1.6884117
4.230451
0.21760586
2.4520004
0.7967216
0.7351526
3.5817878
4.349606
2.1675372
3.2171674
3.7853765
1.5042818
2.8138294
3.2484157
2.1902628
3.9159167
2.4254346
5.370092
3.2850332
2.1465778
5.221984
0.4242849
2.6646943
1.8351505
5.0004554
1.1369439
3.6137338
4.735614
2.6587377
3.2940798
4.15605
1.9706008
2.9209428
3.5957005
1.9341127
4.2822165
2.7598147
5.264475
3.580585
2.4175134
5.0514436
2.8916433
2.043922
3.3280785
0.16785878
2.188564
2.111276
2.2428882
4.340771
4.01254
3.7674356
0.027976453
3.400703
2.4440851
0.27196246
1.0407985
5.384523
2.6310592
3.498831
4.156144
4.252845
2.9455686
3.1961656
3.7257817
4.383382
2.9785466
2.3296096
0.0
5.3419204
3.4617577
0.54751205
3.6201217
3.7327652
4.126494
1.575201
3.948486
0.8127697
3.5576541
3.6155753
5.095776
3.32749
2.9171872
4.511452
3.0354457
1.291952
3.9358685
4.8896837
4.847069
3.0916781
4.071695
4.5209503
2.6848192
3.2644076
5.8433495
2.2475085
3.8151073
2.5873234
1.8192989
1.1519904
2.7968037
1.1305578
2.528091
0.5341251
1.6747956
2.4948907
1.4812088
0.0
0.8607104
3.0149324
1.2268475
0.23154652
0.5814822
3.7057574
0.20463023
0.16312942
0.06255725
3.3276668
0.027976453
0.1384764
0.0
2.7198055
0.0
0.08622923
0.027976453
2.3662882
0.56923896
0.18345395
0.5315545
1.7983091
1.7809218
0.10467832
0.92238474
2.8100007
0.2741124
0.33919698
3.1973293
0.31836706
0.07132625
3.2660265
0.16312942
0.03426402
2.7235456
0.11190583
0.08392937
0.28116015
0.0
2.0767882
0.0
0.3471792
0.57437205
2.6496668
2.2808752
0.37949178
0.48858923
0.20653379
0.8296872
0.78159624
0.0
0.54608065
1.6952364
0.03426402
0.113640904
1.7320095
0.9276733
0.26392958
2.4666445
0.29607528
0.51699877
2.6552014
0.25487784
0.7957386
0.5974163
1.1051756
0.32081604
2.5754185
3.0490232
0.39117122
2.1309297
0.0
1.9991947
0.4302385
0.61580276
2.8220956
1.0875053
3.2323449
0.5226451
2.3958805
1.2033349
1.1909118
0.0
2.9434412
0.66204745
0.7203645
0.70720583
1.0170258
0.18345395
0.44367275
0.8538628
1.825849
0.132704
1.4965867
0.80890846
0.5252593
2.4993584
0.4817329
2.9250278
0.24228336
0.2832403
0.5824908
0.46562225
1.02412
0.06255725
2.2902093
0.19179699
2.961806
0.41259432
3.1636593
0.32864937
2.647967
0.20463023
1.97853
0.12511453
0.0
2.7198055
0.1384764
3.351001
0.14536995
0.01978234
0.16312942
3.9589863
0.20653379
0.07401874
0.16192548
4.487946
0.25100994
0.1370561
0.12194655
4.902807
0.26906916
0.20653379
0.03426402
0.08846932
0.993472
0.03426402
1.6369771
0.08622923
0.13562092
0.12511453
2.028833
0.076616675
0.37009433
0.21850322
0.28116015
0.11190583
2.976377
0.03426402
3.2923555
0.2446942
0.0656106
3.9482381
0.36584023
0.20653379
4.5511775
0.47022215
0.3891652
0.30196467
2.7840364
0.2697954
2.7978535
0.3333784
0.4000739
2.7930217
0.36423212
0.5500081
0.21489134
3.3324876
0.9924867
0.06255725
1.4664706
3.6351805
2.354264
0.9069817
0.42841542
0.75043166
0.44936955
2.0394166
0.14536995
0.15450506
1.0535057
2.007791
1.4672711
0.59676087
0.7584719
2.2689161
0.8798225
0.46855468
1.9458151
0.16071254
1.2018704
0.0
0.0
0.6013338
0.0
1.4269732
0.0
0.0
0.9863558
1.9628391
1.9358321
1.5412927
0.28939098
1.4052777
2.7240484
1.0768368
0.5574291
1.1296921
2.4179988
0.7935223
0.84903663
0.8277983
2.1588514
0.4877876
0.84765273
3.916617
1.6384109
0.48618037
0.15576635
1.8059108
3.4287975
1.0867854
0.6233823
1.1766958
3.785583
0.22985017
0.027976453
3.3907282
0.34942633
2.3992276
1.0538771
1.6267837
0.32445493
0.35881972
2.3850725
0.12820424
0.5521385
0.07132625
2.750365
0.6923861
4.192551
0.20653379
3.1552322
1.117501
4.3583326
0.34149665
3.4659405
0.4502396
4.386866
2.7448795
0.8492671
2.3068988
0.132704
0.66352355
0.41777846
2.577166
0.38359454
0.41116908
3.448214
1.2612951
0.29870713
4.0266685
1.9672214
0.03956468
2.2097456
2.5118573
3.2352507
0.94770676
1.2631555
2.240094
0.17582935
1.291952
0.14265253
0.7937689
0.0
0.2697954
0.15949038
0.0
0.0
2.3627288
1.9652306
1.0568438
1.0187559
2.1819365
0.7184605
2.4967728
0.44411355
0.22117342
2.686277
2.0473661
0.844878
1.4123619
4.2355404
2.4033844
0.39614183
2.2667587
4.8778095
3.2179582
0.25487784
2.9913354
0.997992
1.9176505
2.5115457
0.06852804
0.32805344
1.5480072
3.1383727
1.9284378
0.044234656
1.8366426
3.3993785
2.2046025
0.21214208
2.0867538
1.1058836
2.4340541
3.080196
0.71873283
2.8123682
0.0
0.0
3.1409292
2.7822077
0.0
3.3796818
0.9889314
0.13988231
2.3187463
2.4065585
0.5712977
0.0
0.0
1.898264
4.8689656
2.4281769
1.7713358
1.6104618
1.8694878
2.3291895
0.03426402
3.1771822
1.7433842
0.22381176
2.896378
1.4782994
0.50667673
2.470609
1.1815087
0.30582792
0.38714877
4.0632215
0.87065613
0.13122122
4.543424
5.0640335
0.8577498
0.6611601
0.059347022
0.6638184
0.044234656
1.1134664
0.01978234
2.5764062
0.0656106
0.40105087
0.7063753
0.0
0.0
0.21397884
0.6540186
0.34149665
0.9865541
0.08392937
1.8050438
0.0
0.06852804
1.9704024
0.923233
0.9215358
0.0
0.30131596
2.675983
0.0
0.0656106
0.34830457
0.52414054
3.231012
0.01978234
2.1677177
0.7295416
2.1699739
1.6848147
0.055952907
0.48213887
1.6114336
0.115349896
0.20842
2.740526
0.49337164
2.1530416
0.3006659
3.3813615
0.4817329
2.733016
0.3466151
3.887913
3.2090638
0.57539314
0.38206115
0.0
0.25640866
0.19077407
0.22381176
0.35110226
0.38206115
0.3566318
0.0
2.109607
0.4419051
0.48254457
1.9195884
2.4547927
0.22728193
0.51358116
0.2927522
1.5647304
0.61580276
0.57061225
0.7354187
2.0217788
1.4079211
1.7203321
1.6094893
1.9933125
2.2229915
1.1048213
3.3520525
0.059347022
2.7871985
1.8334434
2.966099
0.37845913
0.60909337
4.5509624
0.08156468
2.7554848
4.1160874
0.46097642
2.1210794
3.4498034
0.54822636
1.3395448
2.5103765
0.5188877
0.40590054
2.2219348
0.13988231
0.7845948
4.140707
4.739583
4.1163726
0.99916774
3.4407108
3.6657543
2.5035837
0.0
3.1566591
2.2967803
1.5006348
0.56855106
0.51358116
2.1627462
1.1432945
2.8428288
1.648295
0.57641244
0.03426402
1.7069707
0.6425489
0.43745476
2.8596492
1.2895263
2.2762365
1.6559943
0.38410428
2.097885
1.2605191
4.396499
4.2649393
0.6726034
4.83128
4.961121
0.7636142
5.419348
5.5411787
1.1060605
1.838134
3.7671757
1.1211723
2.5001414
0.5267473
1.5495235
2.4106216
0.37794176
3.4671829
1.325594
0.5528469
1.0191399
0.78009266
0.0
4.2510943
4.1894207
1.6284671
4.8054223
4.8650208
1.4636656
1.9128478
2.3667843
1.814344
0.9751828
1.8899982
0.3663747
2.5180833
0.42474583
1.9446077
0.94770676
2.6512914
0.14401765
1.8848137
2.9385157
1.7502183
1.1823366
2.5291746
2.6150153
0.0
1.920302
2.2005148
1.4997216
0.24308965
0.598071
0.44499385
0.9518272
0.6318005
1.2602086
0.8072134
1.5124552
4.5865474
0.970355
1.6945436
4.090697
1.1202993
1.7935145
3.4282262
1.3760083
2.4381518
2.1631987
2.7630754
1.9766498
0.72523737
0.0
0.09065408
2.210808
0.0
2.5918586
0.0
0.01978234
1.6670657
0.11190583
2.1949935
1.8307728
1.68121
1.0123975
1.0058043
3.5789988
2.4102156
1.3949349
1.3897346
3.416384
0.88933456
1.200078
1.7385505
3.211686
1.0106565
2.0485127
2.9740741
0.8282709
2.3195903
2.7102165
0.6531204
2.5506754
2.429305
0.0656106
1.8234894
3.4340467
4.8388166
5.0646524
0.0656106
5.5792804
5.310465
0.315279
5.793526
6.137884
0.2517883
1.4922655
0.0
5.2218714
4.0279326
0.5500081
1.7574712
0.26019627
1.0185639
5.345074
0.9287273
4.7927275
2.8521092
0.890434
2.5247595
2.5624657
0.5263757
4.048156
0.4881886
2.0950842
0.059347022
5.640731
0.9479131
6.277323
5.669876
6.156764
1.1552135
4.2996984
1.7409129
0.950593
0.12194655
3.7869794
3.7968943
0.059347022
3.6409392
4.3927107
0.7467722
3.6382494
4.110612
0.12820424
3.5145762
3.8069377
0.4660423
3.3565469
3.4880702
1.0330614
3.168235
3.1604397
1.5637295
2.4272902
3.1447291
1.026029
5.00985
0.58517206
1.945312
3.7478423
0.40105087
0.1297215
2.9512122
0.39366436
2.6560123
0.68012536
2.3381636
0.607485
0.0
6.1331873
4.99634
0.08156468
0.0
4.1712427
2.8056784
3.6790304
2.8031657
3.5022428
2.7455924
3.300433
2.6578543
3.0779707
2.5429127
2.8394527
2.4037917
2.5890627
1.9326956
2.850187
0.64558697
4.7248044
0.22899729
4.1856318
0.6431576
3.4358137
0.69857585
2.4350991
0.63025004
2.1319396
0.9145018
0.0
5.5884056
5.3522916
1.600222
1.6638932
0.01978234
1.5115492
0.33279094
0.80890846
0.9841711
0.52897143
1.516719
0.4865827
2.1778963
0.28599027
2.9577055
0.07132625
3.8353786
0.5888388
3.582389
0.4135417
0.87915504
0.72523737
0.9362816
0.7977034
0.9306217
0.6314907
0.32203358
3.024009
1.8329096
5.716557
5.41678
0.36207688
5.571477
5.355147
5.417901
5.28116
5.2564287
5.19486
5.087233
5.096276
4.913425
4.9873524
4.7333794
4.8664303
4.5500154
4.7363167
4.362555
4.596019
4.1723228
4.447525
3.9800513
4.2900763
3.7861004
4.126494
3.5910687
3.9557695
3.3950562
3.4341607
3.18807
0.65551287
2.3744628
2.763217
1.9446077
0.0
0.62243986
0.0
2.3958805
0.0
1.1971395
1.194685
0.36476892
0.0
2.9434412
0.44367275
0.18345395
0.0
0.0
1.860253
1.0009288
0.91749245
0.30837655
0.0
4.2041664
0.7200928
2.6495929
0.66204745
2.8220265
0.51243687
0.61580276
2.1228318
0.0
0.78009266
0.0
0.0
0.03426402
1.5006348
0.113640904
0.48456785
0.5464389
0.48858923
1.6952364
0.5252593
2.4993584
0.23573396
1.4965867
0.39117122
0.80890846
0.132704
0.21397884
0.048456643
2.0765998
0.5828266
0.46562225
0.0
2.6290498
2.3456018
0.7790887
4.0125885
1.0406106
2.3295257
0.27196246
4.340636
5.38445
2.242801
0.01978234
3.7674878
3.8151586
5.8433495
1.8194065
4.4970584
2.3889265
2.5873234
2.7968037
1.1519904
0.18345395
1.7983091
0.5315545
1.0239289
0.9276733
0.06255725
1.7318965
0.20747904
0.2646699
2.280961
5.0004163
0.16668902
2.111276
2.6647677
0.2167048
3.5353498
2.978481
3.4988868
3.7258344
2.6310592
3.4006453
4.156144
2.444005
3.2642877
4.5209503
2.2475955
3.0931342
4.8188972
2.043826
5.05125
2.8916433
0.0
0.0
4.063366
3.2571428
4.495403
0.0
3.8471034
5.1952753
4.274893
2.4908075
0.8125289
4.9926133
0.0
2.794353
3.4583626
1.281
3.5427635
4.087009
1.0133634
0.0
2.939315
1.2779411
4.3833375
3.1962268
4.252891
4.5254107
2.9454358
4.071647
4.8471093
2.684965
3.8453217
5.09216
2.4174323
3.5804756
5.264512
2.1464865
3.2852123
5.3702383
1.7157758
0.6752166
2.9009027
1.3152198
2.1820261
0.4242849
1.0921737
5.2220216
1.8351505
3.3280785
2.1884747
1.9280319
2.5281684
1.1051756
1.1307309
1.6750293
0.5341251
1.7810317
0.922809
0.10467832
2.290124
0.29541367
0.19077407
2.4666445
0.37949178
0.5173771
0.3466151
0.5888388
0.835094
3.539114
1.9510384
0.7962302
1.7883786
3.2748265
4.0809674
4.8398285
3.3726652
3.327549
3.6156297
4.511452
2.916986
3.33143
3.1464095
4.156003
2.445286
3.2938418
2.6587377
3.7854798
1.9705015
3.2172892
2.1677177
3.4093277
1.5044118
3.8475614
1.6851631
3.0414374
4.517743
0.4731261
1.6587101
2.8138294
2.1904414
3.2485967
2.921144
1.9340115
3.5958638
2.9960434
1.6341053
3.935769
3.035381
1.2918005
4.2582755
3.036026
0.9106421
4.5530276
2.2065547
0.32264063
4.461902
0.0
3.3561969
1.0024916
3.905
0.5834977
0.0
1.7683502
3.9750295
0.26169598
0.0
0.0
3.3651102
2.6842358
1.7229466
1.4830574
1.0030769
1.0677122
1.7646945
0.4693892
1.2044727
0.6561096
2.454713
0.42150873
0.9735762
0.16668902
1.4393985
0.5924829
0.83649874
1.0071653
0.7019291
1.1698576
0.42150873
1.2620705
1.8587795
2.5218894
0.30131596
1.0218245
0.40299773
1.9782333
0.2609472
2.619129
0.3956476
1.2268475
0.044234656
3.0149324
0.0
0.5811455
0.2306999
3.1973293
0.2748253
0.07132625
0.31836706
3.1635973
0.41211978
0.2832403
0.32805344
2.9250948
0.5977437
0.8811559
1.5374789
0.43566188
1.64342
0.78309697
0.29607528
1.7337035
0.68385524
0.17804113
3.0080419
0.5868416
0.13562092
4.2010913
0.38257295
0.027976453
4.0252576
0.20463023
0.12194655
3.7057045
0.06255725
0.16312942
3.2660866
0.03956468
0.16551098
2.647967
0.24308965
0.20463023
0.48213887
0.5226451
1.7935145
1.8253129
2.4519205
1.5245693
0.79696715
2.2557662
1.462997
2.6837254
1.481341
1.9158125
1.2908913
0.77732855
1.242223
1.1531789
0.28046334
1.7824596
2.0572836
0.9264068
2.031821
3.1037488
0.6994157
0.67550635
1.8378145
3.9159167
2.4254346
4.2821712
2.7596726
4.6101465
3.091805
4.8898034
3.4173582
5.111286
1.4644676
3.6287653
0.38257295
3.5769742
2.305456
1.56135
2.092654
0.09487278
1.7879409
2.1876698
2.4543939
0.9863558
3.2903926
3.0316381
1.1270908
1.7098345
0.97898793
2.227477
2.9813714
0.0
1.8775312
2.1243064
1.4608552
0.20463023
1.8933086
0.9528547
1.6740944
1.9632379
0.58080876
0.88779306
2.3535156
0.9829774
1.8717896
0.26019627
0.41543004
1.6702323
0.96914434
1.7732129
1.1621377
0.3956476
0.8327475
2.185253
1.4019316
0.97718734
0.81156504
0.0656106
1.4253266
2.0423894
1.3690219
0.8769264
1.304013
1.0172181
1.2322587
1.200078
2.2110736
0.0
0.5070628
1.1839904
2.343849
0.23821108
1.9064939
2.1531324
0.12511453
1.5972843
1.9527427
0.45970127
1.2969408
1.7457399
0.7679581
1.0054152
1.5359508
1.0525765
0.7192771
1.3250034
1.3168554
0.4338616
1.5662305
1.1145202
1.1558908
0.9783881
1.5044118
0.09065408
2.107472
1.1715292
2.5569599
2.0695193
0.30964297
2.3394191
1.9255943
2.7915497
0.78534263
2.3216987
2.6010556
0.2825486
1.984259
2.394573
0.0
1.6597717
2.1776266
0.33746192
1.3479911
1.9532439
0.65132034
1.0443647
1.7252167
0.94128424
0.74703425
1.4967175
1.210469
0.45110792
1.4635319
1.2690287
1.560347
0.0
1.6174943
0.03956468
0.0
0.1978235
1.870116
1.4277956
0.0
0.0
0.91150117
2.5678833
0.8453411
1.0332508
1.7280504
1.5339108
0.0
3.4976556
1.914075
2.389418
3.441223
2.0520446
2.6433802
1.716118
2.4101343
1.392548
2.1692522
1.0799216
1.9237641
0.7722776
1.6772476
0.4668813
1.4328579
3.737169
1.2880079
3.2446768
3.1545496
3.3936143
3.5494995
3.5076058
3.950618
3.5815692
4.349426
3.6139507
4.7358203
3.6017396
5.0956607
3.5574338
5.4524055
0.95079875
0.11869406
4.0278354
4.299789
4.8952494
5.934023
1.7736543
5.4168525
5.7165227
1.0187559
5.571512
0.2609472
4.7799573
1.7408005
2.6486323
5.071302
0.0
0.0
6.27801
0.9479131
5.35522
0.92893803
5.4179378
5.344964
1.4925276
5.8381143
5.3090625
4.9966927
0.54248554
5.096468
5.0875797
2.094991
4.9130664
0.4881886
4.048156
2.2107196
2.591783
0.0
0.0
4.17129
0.01978234
1.8306661
0.0
1.2373298
1.2765623
2.1949043
0.09487278
0.113640904
2.763217
1.6651865
5.591386
1.8384533
5.541285
4.838776
0.06255725
5.064459
4.8666315
4.7336273
1.5493972
4.5498
0.5267473
3.7673836
4.2635612
0.67231244
4.5961037
4.36242
1.0191399
4.172416
3.46707
0.5528469
4.2636533
0.0
4.7442923
1.9137683
4.196753
1.2411197
4.1263986
3.7861004
1.1432945
3.5910144
5.4189863
4.9465275
1.1060605
4.2903957
3.9799528
0.51358116
0.5688951
3.1565351
2.1627462
2.842622
1.6485324
1.0123975
4.7927275
1.0058043
1.6810937
3.6408856
3.7968426
0.74703425
4.392666
2.7455924
3.5024107
0.42474583
3.3003736
1.8898947
2.5180056
0.3663747
2.3667843
0.0
2.5290973
5.6675596
0.5226451
5.281123
0.89021426
5.256168
2.8522465
2.4102967
2.5247595
3.5788894
1.3895938
1.3949349
3.6382494
0.12820424
4.110755
2.6578543
0.9751828
3.077907
1.8145596
1.920302
2.2005148
0.01978234
2.4381518
2.1632893
1.3760083
0.32264063
0.3339648
0.6305604
1.5115492
0.38000703
0.0
0.35881972
0.37586513
1.6115551
0.115349896
0.4817329
0.0
0.7356847
0.6611601
0.5709551
2.109514
0.0
0.4419051
0.4929749
0.03426402
1.9193846
0.30131596
0.0
2.675983
0.044234656
0.0
0.918132
0.92809504
0.027976453
2.245679
1.2757956
1.3364733
4.5718327
0.7712634
3.7869277
0.059347022
2.8033051
3.6790304
0.14401765
1.9447085
2.6511438
0.94770676
1.182171
1.8847097
2.6150153
1.6946591
1.1202993
4.090649
0.9705567
0.9362816
0.79721266
3.3814194
0.72523737
0.30001438
0.49337164
2.733016
0.4817329
0.18974562
0.22381176
2.1677177
0.25717065
0.52451366
0.0
3.231012
0.0656106
1.5646054
0.51358116
0.0
0.7063753
1.8050438
0.08156468
0.0
4.1161823
3.5222557
0.99877596
0.65581125
3.1880085
2.2762365
1.289678
2.8596492
0.0
3.0801322
1.2608296
0.0
3.1401813
2.0980713
0.0
4.984405
2.3784983
3.9558687
0.03956468
3.3951716
0.57641244
2.4279351
1.706856
4.869127
1.7714462
0.0
2.7810817
0.5712977
2.406721
0.07132625
0.0
2.3629773
2.5118573
0.0
1.6103404
1.1058836
2.3292737
1.8693832
3.7479992
1.9454128
0.29936147
3.4480433
1.1766958
1.9673208
4.02662
0.08156468
4.1161823
2.7554848
4.5511346
0.64558697
4.7247214
2.850187
1.9178544
5.368924
0.26906916
4.7362337
0.37690488
2.4106216
1.3254464
2.9738111
1.0104629
2.3192527
0.8282709
3.1681733
3.4881825
1.5638548
3.160192
1.9328982
2.5892897
0.60909337
0.3789758
2.966165
2.5119352
0.03426402
2.2097456
1.8059108
0.0
1.8978515
0.30646706
2.4705296
1.076655
1.5384969
1.4797548
0.0
1.6913068
1.5415465
0.40202546
1.9355289
1.9630386
2.6860583
2.0472705
1.4668709
0.22117342
0.8478835
0.01978234
0.9865541
2.1586702
0.0
0.0
0.6006827
1.0566586
1.9650314
0.22205634
0.3333784
1.5942184
0.01978234
0.98912925
1.655876
2.2045135
3.379508
0.044234656
3.3993208
1.8368559
3.1384976
0.22468434
3.1773055
1.4777699
2.8963103
0.39366436
2.9512784
1.1298653
2.655865
0.55707794
2.7240484
0.7935223
2.4178371
0.7184605
2.4967728
0.46813694
2.1817572
0.8798225
2.2689161
0.1532334
1.9456139
1.0538771
2.0394166
0.15195107
1.7073146
1.8058025
1.2690287
2.8123682
0.7184605
0.38410428
2.3189995
0.13988231
1.9285394
0.32864937
1.5483865
0.5070628
1.180846
0.68012536
0.82803464
0.84903663
0.4877876
1.0185639
0.1570175
1.2018704
0.15576635
1.4325848
0.41730982
2.306814
0.12511453
0.38410428
2.577242
0.54751205
2.5102983
1.3396908
3.4498034
0.6425489
3.4359846
2.2667587
4.1855855
0.39614183
4.235818
3.2177758
4.8777294
1.026029
5.0097713
1.8232747
3.1447911
0.90719754
2.0076935
0.427501
2.3540978
0.6296288
2.4351795
0.13988231
2.1321232
0.7850934
2.2218466
0.13988231
1.9043369
2.0011516
0.9689424
0.6638184
0.132704
0.132704
0.5185104
0.4068635
0.6988559
1.4125004
0.8453411
2.4035473
0.58517206
3.4342177
0.06852804
2.4292245
0.6531204
3.4920533
1.7091476
3.4342177
0.43700722
0.6422443
2.4341345
0.21214208
2.0867538
0.03956468
1.7429352
0.1297215
1.4056954
0.28939098
1.0770184
0.44367275
0.7582139
0.59708863
0.4489339
0.7501709
0.1467098
0.91471565
0.14536995
1.114169
4.8361034
0.8194831
4.4473047
0.77984184
2.2971213
1.5008956
2.710361
2.5506754
2.4271288
0.99838406
0.25487784
2.9912043
0.22899729
2.1212642
0.46097642
1.26114
0.4116447
0.35936466
3.4287975
0.6233823
0.15576635
1.0867854
3.9165165
0.48577777
1.6384109
3.2353716
1.2631555
0.9475002
0.2646699
0.6036073
3.1153958
2.4036288
1.0332508
2.8394527
3.3564885
2.0484173
3.806989
3.211808
1.1211723
1.1997519
2.5001414
0.055952907
4.9871163
1.0430522
5.9465294
3.635073
1.291952
0.17582935
0.0656106
1.4664706
3.3326638
0.8941621
0.21579997
0.9922895
2.7928815
0.3339648
0.5500081
0.3631561
2.0531888
0.36099443
0.9783881
1.1558908
1.1530092
1.5042818
2.0572836
0.08846932
3.465997
1.117501
0.34034872
0.14265253
3.2538955
0.7935223
0.10087055
2.7979932
0.30261198
0.40056267
2.1285405
0.33161288
0.77682495
1.2907398
1.0677122
1.2423805
0.2797648
1.9160167
1.7826792
2.9007678
0.926618
0.42057925
2.6836524
1.4628632
1.2046351
2.4547927
0.6561096
1.7644726
0.7863386
1.6049843
1.5378606
0.9769871
0.43655926
0.88159996
2.2359838
0.3006659
0.15949038
0.26761076
2.7502227
0.2697954
0.0656106
0.23738825
4.192598
0.6923861
0.44499385
0.598071
0.9518272
4.543424
0.6752166
1.7156618
1.481341
0.46980584
1.0028819
1.4191347
0.59643286
2.1902628
0.2697954
2.784177
0.0
3.1549842
0.20653379
4.3584676
0.6321101
3.582444
0.8704313
0.4135417
0.5888388
0.57539314
3.8353276
0.07132625
0.40056267
0.47022215
4.5511346
0.20747904
0.26761076
0.38866204
4.9028473
0.13562092
0.01978234
0.20558421
3.4887438
0.20558421
0.17582935
0.23406796
1.7335907
0.68385524
0.42104423
0.78309697
1.0073596
1.1700249
0.7019291
1.4393985
1.0286955
2.3035874
3.014218
1.5246975
1.858674
0.1266688
1.2620705
0.3006659
2.521967
3.0080419
0.1370561
0.58717495
4.5995975
0.12194655
0.13417038
4.487946
0.25100994
0.076616675
3.9482875
0.36584023
0.06852804
2.9577715
0.28667364
0.22814122
1.7937326
1.8252057
2.0604205
0.40299773
1.0338187
1.021633
0.2609472
1.9783322
4.201044
0.01978234
0.38257295
4.296645
0.16312942
0.07401874
3.9590356
0.20747904
0.027976453
3.2923555
0.2446942
0.03956468
2.178076
2.9764428
0.37009433
0.1467098
3.3510594
0.16312942
3.8625968
0.12194655
4.025209
0.044234656
2.6192036
0.39614183
2.0324953
1.1053526
1.9281335
2.3889265
4.497102
3.0930707
4.8188567
3.8453217
5.0920835
4.610189
1.6342251
2.9960434
2.445446
3.33143
3.1462228
3.6016312
0.076616675
4.8829074
0.52897143
0.01978234
1.516719
0.9841711
0.076616675
0.80890846
0.059347022
0.21397884
0.08622923
0.6540186
0.0
0.076616675
0.044234656
1.6173735
0.4660423
1.4636656
0.45110792
1.5663555
0.43341038
1.6699979
0.41543004
1.7733233
0.3956476
0.8329825
2.1853423
0.97738755
1.3043132
1.7880503
2.1875803
2.1073792
3.1036227
2.0322063
2.182116
1.315071
1.0921737
2.2560265
0.9737771
0.16551098
0.9528547
0.8367326
0.59215254
1.64342
0.29607528
2.263302
0.059347022
3.897923
0.24228336
5.0640335
0.132704
0.38714877
4.063173
1.2603638
4.3868213
0.80697095
0.4502396
2.7449508
0.19483355
2.2400067
0.2306999
3.7857385
0.027976453
3.3906708
0.34942633
2.3992276
1.0536914
1.6267837
0.32445493
2.3850725
0.5521385
2.0945237
0.78584075
1.6049843
0.95306
2.3035874
1.0288856
3.014283
0.1266688
2.0603256
1.0343864
2.0323992
1.4810767
2.4947338
0.8602556
2.809931
0.33919698
2.9618723
0.25564438
2.655275
0.79598445
3.2323449
1.0873255
3.0490232
1.1051756
2.5754185
0.8538628
1.825849
0.34092316
0.9865541
0.34092316
0.6608641
0.8577498
0.6638184
1.1134664
1.9703028
0.6154849
2.1699739
0.7295416
1.6848147
0.35110226
2.1531324
0.20842
2.740526
0.9304113
3.4281693
1.7936236
2.9385157
1.7502183
1.6671832
1.9765508
0.72496754
2.8056784
0.5503638
5.2210083
1.7564688
0.0
5.9438252
6.097636
0.0
0.0
0.0
1.9445071
0.048456643
0.21397884
0.076616675
0.34092316
0.0
0.62243986
0.0
0.3333784
1.5112903
0.0
0.22117342
1.5940956
0.15576635
1.7072
0.15065785
1.8059108
0.14536995
1.9044398
0.1384764
2.001445
0.132704
2.0945237
0.29541367
2.5291746
0.4135417
1.9665247
0.38866204
2.0530934
0.36099443
2.1286323
0.33102232
2.1902628
0.3006659
2.2356336
0.26834098
2.2635615
0.23573396
3.488856
0.20558421
4.599512
0.13417038
4.296645
0.07401874
3.8625968
0.03426402
3.3276668
0.0
2.7235456
0.08392937
1.97853
0.13562092
1.8474795
0.08622923
0.9932751
0.08622923
1.6369771
0.13562092
2.028833
0.21939689
0.4865827
0.29341984
2.4547927
0.34830457
2.5764062
0.0656106
3.2090638
0.3466151
3.887913
0.8787098
4.5865045
1.5124552
5.2749977
2.2229915
3.3718522
1.7470846
1.4997216
2.5428357
0.4660423
3.5147989
1.7383254
3.4162693
0.88955456
2.5623128
0.5263757
5.1946716
0.08156468
6.1331553
3.8156204
0.49018857
0.23656255
0.0
3.351001
3.383561
2.9368496
0.0
4.7941985
3.6423373
4.015711
3.233677
5.16547
4.575558
4.133275
0.0
3.2883093
0.92365676
0.2790645
0.0
0.0
0.0
0.73088145
0.0
1.0557323
2.0082784
0.59347284
0.760533
0.90719754
1.4522566
0.7008131
0.0
0.0
0.0
3.254076
0.89525557
0.096913286
0.7947543
0.20367177
4.587188
4.870253
4.504065
0.42978343
2.521734
4.0498004
2.5936704
2.5634584
1.4625956
3.2680042
0.43114713
0.76181835
0.5767518
0.3471792
0.33919698
0.8050288
1.3926885
0.0
0.0
0.27836248
3.2886071
0.9238686
3.7481036
4.119749
3.6138964
2.7965236
0.83110106
2.4668825
3.8156204
0.49018857
0.23573396
0.0
3.0157115
3.3996665
0.5333919
2.4033844
0.0
0.0
2.984325
1.6349435
0.3339648
0.66763943
0.0
0.9795874
4.0920854
1.7008836
3.3605108
0.9499752
2.7847395
0.0
2.8250074
0.0
0.0
0.0
1.9984114
5.057452
0.0
2.9984598
1.803091
0.0
0.6413296
0.823057
0.0
0.0
0.6994157
0.0
0.8970025
0.0
0.0
2.62525
0.6855699
0.6510198
1.7563573
0.8156537
0.16071254
1.0170258
1.9457146
1.2020332
0.87848705
0.1532334
0.7383397
0.760533
0.59347284
2.0081806
2.4963024
0.43834844
0.7962302
0.7151848
2.4173512
0.55178404
0.8296872
0.8455726
2.1792438
0.67376614
2.3649645
1.062384
1.9166296
0.48938954
2.1813085
0.47022215
2.2686572
0.44980475
0.132704
2.202915
0.6632286
2.2215824
0.5173771
0.1384764
0.7840958
2.1319396
0.6280729
0.1467098
0.91471565
1.0651433
0.62526274
1.2206111
1.3584031
0.40734416
2.4347777
0.6946433
0.42932793
2.0390327
1.0536914
0.74860424
2.3537652
0.90719754
1.4525261
0.23821108
2.668438
1.0811893
2.7239046
0.28046334
1.1340144
2.6557174
0.38512176
1.1851467
1.4850353
0.49850085
0.78009266
1.1244836
2.043922
1.937247
0.12511453
3.1394331
0.31651783
1.8455716
0.027976453
3.1782913
0.21214208
1.7507772
0.048456643
0.3789758
0.11703392
1.5194261
3.7195752
1.0717366
1.5773115
4.825357
2.447846
0.22899729
3.6169832
0.41964772
2.591103
0.15825877
3.618986
1.2993526
0.07132625
2.7303646
0.30196467
2.783966
0.2697954
2.7977834
0.09891171
0.3333784
0.4000739
2.7927413
0.21306245
0.3631561
0.54965216
2.7701507
0.34548423
0.39167112
0.50667673
2.732013
0.4988932
0.41777846
0.64467704
2.2660677
0.6714387
1.0100754
3.1552322
0.69323343
0.23406796
0.89525557
3.254016
3.3326638
0.06852804
0.9938659
3.3907282
0.027976453
1.0882249
3.428626
0.15195107
1.1780255
3.447646
0.29141238
1.2626905
3.4492924
0.45240733
1.3410048
3.4351296
0.63334715
1.4137467
2.048704
0.8348596
1.9380549
1.9650314
1.4113916
2.9515438
1.4838488
2.896581
1.5544411
2.6637392
3.0103188
0.0
0.2697954
0.7947543
0.20270877
2.4028144
1.1766958
1.4687375
3.7861004
0.2390311
1.6410366
3.9168665
0.15576635
1.809159
4.0269117
0.05233915
1.9705015
4.1161823
0.06852804
2.1244907
4.1853046
0.21397884
2.2702959
4.235124
0.3789758
2.4072905
1.9493322
0.56717277
2.3299458
1.8738793
2.0976982
3.4014513
2.2159367
3.3817668
2.3308697
3.2094297
3.839308
0.0
0.0
1.689107
3.0589588
0.0
4.4463353
2.829231
2.879364
3.1782913
1.8005931
3.1394331
1.8291688
1.0152926
0.99936354
2.434456
2.9680784
3.6990407
0.05233915
1.3935313
3.3794503
0.08846932
3.6587503
5.658596
4.394449
1.5439566
4.481045
4.284229
3.3438656
0.6218108
4.6919365
1.819514
4.4764967
1.796894
4.446776
5.770577
4.5635986
4.8279543
2.3501036
4.43067
4.5826163
2.4497645
4.249297
4.312842
1.171028
1.9303652
0.76027566
3.515189
4.2294326
3.8788362
1.0374088
3.6705585
4.2590113
3.9794605
1.2790126
3.7403114
1.6526821
3.9868355
4.876926
4.4222183
4.572304
0.6644077
3.9667935
1.0123975
4.3667283
4.2057967
1.2838992
4.3180614
4.242286
1.5151699
1.3156661
4.1807165
5.238019
4.6733627
1.3217502
1.9484283
1.2744144
4.4524107
1.5374789
4.317154
1.7555772
0.93941134
5.568486
4.2070074
1.990463
3.9947844
3.283364
5.1062617
4.5041957
4.8701725
4.2817135
4.066064
4.332506
3.4822276
6.008836
0.0
3.1287518
0.60973555
1.9829763
0.39316702
2.8475072
1.9410822
1.9220337
0.6370438
0.2748253
1.1248316
3.99503
3.156411
1.5775596
3.1749632
2.5893652
2.411271
0.6183396
3.7975132
2.222199
2.3447673
0.91557103
2.1999812
3.452016
4.0997353
0.56717277
4.2279963
3.4804842
1.0492249
3.360103
2.8367627
1.509606
2.5481415
2.285761
0.3304307
1.7876124
0.2167048
3.104632
1.7530113
0.46520182
0.18974562
1.5182666
4.5876575
0.8379011
4.267602
0.95490605
0.46224812
3.2911067
0.108352356
2.6602097
2.7443802
0.43745476
3.489249
0.7246976
2.7979233
1.5750767
3.66212
1.3526286
2.5509822
1.893929
2.5720723
0.01978234
0.7107937
3.241538
0.5311863
2.4996717
3.315879
0.0
0.0
0.47271234
2.4174323
2.2588007
1.837495
2.7711396
0.0
3.3603358
1.3685931
4.6166005
3.7114067
4.3692393
3.6324866
4.092755
3.5140748
0.0
2.7198775
0.1384764
3.3510594
0.14536995
0.01978234
0.1643245
3.9589367
0.20558421
0.07912937
0.16312942
4.487902
0.25256422
0.1384764
0.12511453
3.6629755
0.2697954
0.1724585
0.07132625
2.622415
0.17471296
0.20367177
0.0
2.696169
0.0
0.23656255
0.0656106
0.3685048
2.028833
0.21850322
0.28046334
0.11190583
2.9750614
0.03426402
3.2922962
0.24389327
0.06255725
3.9482381
0.36530498
0.20935673
4.5511346
0.47188377
0.38966766
3.839665
0.5388665
0.73248607
1.7769614
0.06255725
2.4689445
0.07132625
2.750365
0.15825877
0.13562092
0.076616675
1.636738
0.12511453
0.08846932
0.08622923
3.267944
0.3471792
0.57641244
0.76156145
0.43069303
3.6497486
0.9396196
0.800886
0.9327219
2.741026
0.9385778
0.7292733
3.3818245
0.8818219
3.8883154
0.7300778
0.6906884
0.89831036
3.4299393
1.1291723
1.7999408
4.838938
0.38966766
2.5633059
3.0015922
0.120331295
0.7298097
0.01978234
1.6849308
2.1702442
0.14935343
0.35443032
0.35772744
0.48294988
0.3006659
0.49456003
0.20747904
2.1529505
0.80769813
1.8342972
1.6772476
0.0
1.6306287
0.055952907
1.4885889
0.0
1.3391064
3.66212
0.11190583
0.03426402
0.0
0.0
1.1763632
2.4594128
0.0
0.35553277
0.6540186
0.21489134
0.076616675
0.21489134
0.0
0.80890846
0.9841711
0.059347022
0.52897143
1.516719
0.0
0.48618037
2.1779864
0.15065785
0.28599027
2.9577055
0.33804125
0.07132625
3.8354805
0.58983487
4.777949
1.2455267
5.7398925
2.0108104
5.456286
2.545144
3.765252
1.8549854
3.9176664
2.0140197
4.146426
2.2673628
4.3586025
2.517306
4.5520816
2.7614453
4.725634
2.997807
4.8783717
3.224765
5.0100064
3.4415073
1.7785026
2.6679246
1.7134932
1.7833377
3.5570486
1.5842441
0.29141238
3.1283762
2.6731286
1.0424893
2.7159164
0.5657911
4.1986194
1.4625956
2.5935194
3.588123
0.5855064
3.07205
0.48497146
3.7944696
0.027976453
4.494793
1.9476247
1.0499706
4.149448
0.8001526
4.0517826
0.51926464
1.8064526
3.1672463
0.13562092
1.9794201
0.12511453
1.8472676
0.23573396
0.08392937
0.03426402
0.0
0.16312942
2.723617
3.3276079
0.1384764
0.0
0.16312942
3.8624449
0.16192548
0.07912937
0.11869406
4.2965083
0.1643245
0.01978234
0.1384764
0.80890846
1.4967175
0.132704
0.048456643
0.9944564
0.03426402
0.52600384
0.39316702
2.499515
0.48213887
0.41069293
0.3006659
0.2697954
2.1905308
2.2358963
0.43790182
0.26761076
0.1570175
2.263475
0.2973941
0.23406796
0.06255725
2.2716749
0.17804113
0.20174117
0.0
2.259927
0.076616675
0.16902046
0.06852804
0.03426402
0.32864937
2.6480412
3.2660265
0.0656106
0.31775182
3.7057045
0.20463023
0.23154652
4.025063
0.3830841
0.03956468
4.2010913
0.79426175
0.28667364
0.881378
1.5383697
1.6437771
0.59413195
0.7833468
1.7339294
0.4233615
0.68385524
1.8060193
0.2755364
2.5026455
0.5147229
3.3752182
0.12354069
0.13988231
0.970355
2.0015428
1.9045424
0.7843453
0.14401765
1.1153978
1.8063444
0.9145018
0.15195107
1.2702618
1.707773
1.0535057
0.1570175
1.434223
1.1183763
1.2015448
0.9817822
0.6623429
0.0
2.4003694
0.0
1.0782896
1.926204
1.0779265
0.9454327
2.1722274
1.0432398
1.7280504
1.0553615
1.9561473
1.0050259
1.5384969
1.9651309
1.7492117
1.672925
0.95079875
0.77177066
1.6795796
1.7297482
1.2127302
0.7465102
1.4986774
1.3189342
0.719005
1.3270694
1.4275216
0.076616675
1.1644926
2.037016
0.62432325
1.0916361
0.42978343
0.4668813
1.465002
0.45110792
1.5673546
0.4347627
1.6711694
0.41543004
1.7739854
1.9715937
0.32805344
0.3426407
0.72819924
0.08392937
1.2303516
0.49337164
2.8601966
0.4063823
0.48618037
0.97558403
2.300867
0.19483355
0.5286014
2.59533
0.42841542
1.8399429
1.3898754
0.6573014
2.4127316
1.3450845
0.7730374
2.180142
1.295431
0.8921904
1.9557471
0.589171
1.5565798
2.3550951
2.4514415
3.279128
0.981583
2.3000164
0.08846932
2.0933087
1.3668761
0.8793776
1.403745
0.39614183
1.8747147
0.83415616
0.13122122
2.0947106
0.6638184
0.9191971
2.030472
3.094653
1.7814711
2.8935382
0.2825486
2.0538561
1.2439545
1.9133594
1.2924063
1.1523302
3.301797
1.0819129
2.0437303
2.6449347
0.0
2.86389
1.9767488
2.3964522
0.13417038
2.6015825
1.9003248
2.1553128
2.344684
0.26761076
0.01978234
0.90805984
2.0883474
0.19179699
0.30646706
0.0
1.4387186
0.8381346
1.0083303
1.2702618
1.1649967
1.1003846
2.4621174
0.9304113
3.7158358
0.8577498
3.4428155
0.5818186
3.1971455
0.2741124
0.07132625
3.1635356
0.41259432
0.2825486
0.25333777
0.0
0.25944316
0.1735894
3.6071718
1.7229466
0.5581307
0.5574291
0.3956476
2.2971213
2.35767
0.5385033
4.0463657
0.6425489
0.0
0.7010923
0.55496645
3.309437
1.4200997
0.28871405
1.324117
0.0
0.6094145
0.65282077
0.81035864
0.0
0.72199243
2.8226507
2.6498885
0.55390763
0.34774232
2.280961
0.46520182
0.20653379
1.7316705
0.26392958
0.92851657
0.43968555
4.7131395
0.0
1.4917408
2.087785
0.05233915
2.183909
0.1266688
1.7094911
1.3089558
0.6693956
1.4812088
2.6784687
0.47188377
1.4113916
0.70053387
3.3973622
2.885951
0.9050379
4.614733
4.3164735
3.393095
4.996183
2.365709
3.315584
0.47188377
2.1586702
3.5446973
1.6266634
2.3896637
2.3569229
0.6599753
0.45197463
3.490988
1.846208
2.1830127
2.533582
0.37586513
6.0299716
2.5394466
3.6474946
5.133127
5.614472
3.7080812
4.5750017
4.9977117
3.4070876
0.4233615
3.3925757
2.0695193
1.933708
0.0656106
2.6819015
0.0
3.1536806
3.2191749
2.8549905
0.0
1.6780642
4.784873
2.252206
4.1451507
2.3959622
1.4511783
1.6671832
2.6178582
2.8827615
1.7980917
0.53375864
1.0098816
2.7690904
0.28046334
2.6732018
1.024884
0.0656106
2.6713707
2.4631505
3.3334274
2.0884411
4.4454103
2.6079698
3.779578
1.9605445
3.384371
2.5154393
4.1715245
1.5249542
0.0
2.3016326
2.571235
1.823382
4.5066304
5.1086016
0.12820424
1.6893387
3.1458495
0.0
1.2180432
4.1096115
1.4108368
2.977758
2.7175736
4.5373416
3.8815613
1.758473
2.449924
4.8330235
3.614059
2.0674376
2.1771774
5.0635695
3.3150525
2.3361537
0.41495875
5.2318053
1.1016287
1.4625956
2.256807
0.41684067
2.1275287
2.2837908
2.5713873
2.2369466
2.8583481
2.3232157
3.1402435
2.3829381
3.4098449
0.26834098
2.412894
0.904389
3.660997
6.3996944
3.5309722
3.0974982
5.638958
6.065013
3.2812765
0.38512176
3.2429266
2.294052
1.6402017
2.7963138
1.6517345
3.0377665
3.6314619
0.3663747
4.3453712
2.7741754
4.345597
3.226343
3.7461178
0.0
1.6959288
0.12820424
3.774809
3.8106904
2.4975564
4.811493
3.4831834
0.9644893
3.8824692
1.357106
5.631237
5.5181427
5.708391
1.4184451
6.0141187
6.5285254
4.3707633
2.615614
5.9343863
6.1898236
2.536053
0.0
4.5580587
4.621774
4.6310887
2.3841696
4.2329965
4.579709
2.636336
1.5567056
2.11794
0.26392958
1.0277439
4.2917647
4.174622
0.0
5.4054446
5.1860266
1.2584993
4.734372
5.061131
2.8386252
0.0
3.932932
3.399724
3.5263112
2.6535792
3.4287975
2.4685483
3.2925339
2.2727087
3.120042
2.069141
2.9173887
1.859832
2.688535
0.0
4.031723
4.251187
2.890018
0.01978234
0.0
0.6327289
0.6549155
0.0
1.3269219
0.6501175
2.3912194
0.36584023
2.3109677
0.22641937
2.2181437
1.7180556
3.4069726
0.0
3.2054012
3.2093077
0.13562092
1.5705975
1.5271342
0.113640904
0.0
0.0
1.9730821
1.9213208
0.7833468
3.4031777
1.7928597
1.9538449
0.048456643
0.0
0.22468434
0.20842
0.47188377
0.0
2.177267
0.7810954
0.46855468
0.0
1.2780943
1.2363807
0.82732534
0.52897143
0.0
1.516848
0.9841711
0.076616675
0.80890846
0.059347022
0.21489134
0.08846932
0.28599027
0.2446942
2.1779864
2.9577715
0.07401874
0.36584023
3.8354805
0.58983487
0.47188377
4.777908
1.2453696
0.5381398
2.337159
0.15195107
0.9396196
0.45197463
3.6496947
0.48294988
0.3006659
3.8883154
0.7300778
0.8818219
5.739927
0.06255725
2.0108104
0.0
3.0873694
0.7165515
1.0351429
0.0
2.716781
2.4309964
0.90655017
1.9132569
3.4254267
2.8850691
0.7107937
0.0
0.5311863
3.6620133
2.5892897
1.5775596
1.9409813
1.7530113
3.104758
0.46562225
1.5094764
2.5480647
2.8369007
0.1866263
3.5880144
0.58517206
1.8938254
0.43745476
2.5508287
3.071859
0.48537478
2.6603568
3.2912254
0.108352356
2.7443087
0.7246976
3.489249
0.0
3.5161357
2.49975
0.0
3.8126943
4.947359
5.614437
3.8286333
3.3503582
3.7021625
4.227904
0.0
4.5651436
4.042395
5.106108
2.6671174
4.4473925
3.8316498
2.8198059
2.4473662
4.483536
1.3373516
0.9151434
3.7973065
0.048456643
3.4519594
2.200159
1.0497842
4.1491647
3.7403638
1.9478256
1.2790126
4.2588277
3.9869337
1.6528004
1.5150408
4.3179708
4.180904
1.3156661
1.7558001
4.317154
4.3127966
0.6342733
4.249436
3.9715793
4.281531
1.6125263
3.3352478
1.0394816
2.752997
3.5569935
1.5847381
1.299202
2.4497645
4.5826592
4.430581
1.796894
4.4465117
4.4764094
1.5374789
4.242378
4.4525423
1.2837468
3.9794114
4.366818
1.0374088
3.6705585
4.229757
0.80064154
2.3450177
4.0521207
2.2222872
1.7833377
1.7137216
0.4191812
0.0
2.8885276
4.5011506
0.1467098
0.0
2.1453922
3.7803032
2.1057997
3.669438
3.5211992
4.38146
1.2103074
0.01978234
2.4113522
1.0490383
0.6183396
1.7877219
0.21579997
2.285504
2.0140197
4.146237
4.839019
1.7009987
1.1291723
0.3901695
3.0015268
0.95470107
0.12194655
3.9178164
1.8551962
0.2398483
1.4688706
3.786049
2.4689445
0.69323343
0.07132625
1.7771817
0.01978234
0.7322188
3.839665
0.17471296
0.38966766
4.551091
0.27051967
0.20935673
3.948337
0.25256422
0.0656106
3.2922962
0.20653379
0.03956468
2.9750614
0.14803751
0.2797648
0.3685048
3.3818245
0.49456003
0.7295416
0.9387862
4.587615
0.8376675
1.5181376
5.4563217
0.23406796
2.545144
3.1551082
0.0
4.0920854
0.80113024
0.9795874
4.267602
0.46140075
3.7652001
1.1766958
2.402896
0.06852804
3.3326051
1.9153017
0.50590384
0.24549256
2.1704247
0.8591175
0.51624125
2.804492
0.44980475
0.18767184
2.6359646
0.37167707
0.29607528
2.290124
0.18974562
0.9238686
1.7814711
0.10653117
1.6753798
2.236684
0.5377761
1.659182
3.3757403
1.5266216
5.007346
0.21214208
0.7937689
1.4719316
0.9689424
2.4509625
0.15949038
1.2051224
1.7626971
0.65849113
1.0046364
1.0669788
1.4200997
0.7785862
0.36099443
2.128724
0.5500081
2.558873
0.36369452
2.7928114
0.34548423
2.7702212
1.0882249
3.3906128
0.15065785
3.4286833
1.8087262
3.9169664
0.05233915
4.0267653
2.5173836
4.3587823
4.5519094
0.39366436
0.08846932
1.8289547
1.3931099
3.441564
1.7782825
4.3691497
3.7114067
3.6323247
1.321454
4.092755
3.5142975
0.6644077
3.794676
3.3600445
0.03426402
3.4804842
3.1749632
0.5664823
3.156411
2.4343758
1.1251794
3.13962
0.99936354
1.0152926
5.009928
3.2248864
0.56717277
1.9491314
2.4073718
3.4351866
0.6946433
1.4136083
0.63334715
1.3412966
4.185164
2.2700374
0.21306245
2.124675
4.7257166
2.9976113
1.3588352
4.6165156
0.34998587
5.238019
4.572218
4.8767653
4.4222183
4.4947057
4.227904
4.0998306
3.995275
3.6991994
2.9682102
3.3792183
2.6678512
4.825519
0.86818033
2.9898298
2.081683
0.6809879
2.015865
1.937146
0.12511453
3.139246
0.31589904
1.8454655
0.03426402
3.1782913
0.2112177
1.7510008
0.05233915
0.11703392
0.37845913
3.5598
3.2224572
2.3308697
0.076616675
3.381651
2.2159367
0.1570175
3.401509
2.0977914
0.22899729
1.8738793
0.6717301
1.2626905
3.447703
0.41777846
2.2659812
0.6443735
2.7318697
0.11869406
2.1824746
0.59082925
2.2620912
0.3527702
1.9707996
1.0042467
2.3384986
1.018948
1.2313056
1.3584031
1.221092
1.0647757
1.0100754
3.4492924
0.45240733
4.11623
0.6734756
2.195974
0.829923
0.68614054
1.3065617
0.9803861
1.1851467
0.49850085
2.65557
0.38461336
1.1338418
0.40830374
0.51699877
2.4351795
0.42932793
0.6283844
2.353682
0.4502396
0.7491268
2.2686572
0.87848705
0.47022215
0.0
2.3509362
0.7340871
0.0
1.7890351
2.1828334
1.3029622
1.1964854
0.37534416
0.707759
0.12354069
0.62494975
2.202915
0.13417038
2.2217584
0.13988231
2.1316643
0.14935343
2.0393205
0.1532334
1.9455134
0.15949038
2.7564077
2.6811714
1.5546929
2.8965132
1.4837168
2.9514773
1.4115303
0.9172792
1.4119462
2.3413424
1.1626427
2.105428
0.09487278
1.505712
1.1577514
0.64467704
0.60973555
0.15949038
0.5070628
0.39167112
0.4988932
1.1780255
0.29074013
1.9707003
0.0656106
2.7614453
0.6370438
0.0
4.293681
3.56579
2.4403985
2.3501868
4.8281164
1.8194065
4.6919365
1.5440834
4.481045
1.2745678
4.2058434
1.0125908
3.8790379
0.76027566
3.5151331
0.51964134
3.128564
0.29141238
0.30196467
2.7977834
2.784177
0.2697954
2.750365
0.23656255
2.6960962
0.20270877
2.6221912
0.17132016
3.6631358
0.1370561
4.4877715
0.076616675
3.9589863
0.027976453
3.3510594
0.0
2.7198775
0.11190583
0.08156468
0.20367177
0.24228336
2.9250948
0.44936955
6.211829
5.8013363
5.679132
5.592227
2.2200842
6.189634
5.934056
2.5361302
6.3137603
6.604528
1.3459572
1.9945885
0.0
4.745531
5.146394
1.762475
4.6310463
2.3841696
4.23295
3.7704492
4.5797515
2.636262
1.5567056
2.497635
2.11794
5.2578454
4.584753
4.7272916
5.3266387
4.8627253
5.379863
0.08622923
0.09487278
5.8572874
5.537252
4.7360687
5.164863
2.956514
5.814127
5.6670403
2.4579802
0.0
0.0
4.407178
3.5309167
4.9604893
3.0377018
4.1164675
4.278877
5.074469
4.3451905
4.4349556
2.7963836
2.294137
0.26906916
1.6517345
3.6311388
0.904389
0.36690837
2.7741754
5.173771
2.8386252
5.0610533
3.7461178
3.226343
4.345687
1.8388791
2.6959507
0.7179156
3.5263667
2.6535792
3.3334863
3.4289117
4.174669
2.468469
3.7797334
3.2923555
4.5373416
2.2727947
4.171478
4.8331046
3.1201677
2.9917278
2.9826188
1.9829763
2.6715171
2.0884411
4.5876575
2.6080449
1.9606444
3.384313
2.5153613
0.30390242
2.0700865
2.6451566
0.315279
3.3468502
4.039245
4.6912684
3.9486346
3.2430475
3.7758982
0.0
6.0299716
5.2545276
1.970998
4.373361
3.598694
3.3925757
3.4177592
0.0
2.550368
2.6816823
2.0695193
0.06255725
0.38512176
1.6402017
4.832456
3.0976248
6.3993573
2.5334275
0.3748225
1.8461019
0.4233615
1.9338092
4.537773
3.40703
4.9975553
3.4723742
3.158209
3.9366646
3.0473533
3.4911563
3.074789
3.825103
3.7302988
1.4123619
0.7273927
1.4816052
0.9168524
2.1588514
4.2917647
1.0277439
2.9776924
4.109659
1.4105595
2.7177176
3.8814604
1.758473
2.4498441
3.614167
2.0675323
0.0
1.2574104
3.307366
1.7700095
0.12820424
5.1086016
2.8828971
1.8231673
4.5065866
2.3957987
2.069141
5.0635304
2.9172544
2.1774468
2.3362374
3.3152297
4.7131815
0.0
1.4917408
2.0878787
0.055952907
0.0
0.5834977
0.6036073
0.43655926
0.65371937
0.69436157
0.8127697
0.0
1.3675917
1.3843735
0.29074013
0.0
0.6385777
0.0
2.6952972
0.4063823
0.0
2.2348456
0.0
2.1774468
0.56717277
0.43566188
0.43968555
0.39465722
3.7558794
4.2227592
0.55249286
0.55778
0.14803751
0.7677033
0.7888231
0.15576635
3.7907007
2.398738
3.4375796
1.2252514
0.9687404
1.2172397
0.0
0.0
3.0355744
1.7177137
1.1364275
0.981583
0.97758776
0.26834098
0.68299633
0.7024864
0.46520182
3.199288
2.891711
0.83415616
1.6049843
0.0
2.354846
1.8760715
0.5888388
1.5564542
0.9512103
0.8921904
1.9714946
0.32805344
0.3426407
0.72846794
0.08392937
1.2305106
0.49337164
2.8602653
0.4063823
0.4865827
0.9757846
2.300867
0.19483355
0.5278605
0.577091
0.81589353
0.5315545
0.0
0.0
0.6290069
0.7793398
2.290295
1.6303887
0.0
2.4670413
0.8425588
2.7970839
2.310883
0.22641937
2.601507
0.3663747
1.9767488
0.13417038
2.3966155
0.0
1.6555215
0.466462
2.180052
0.34605014
1.3450845
0.7730374
1.9562474
0.65759903
1.0434273
1.0557323
1.7281636
0.9454327
0.7467722
1.3190826
1.2127302
1.4985468
2.8591015
2.3898275
3.8556957
3.6284413
0.6443735
2.3288534
3.2794263
2.391547
2.8639584
2.0437303
2.6450088
1.7106355
2.4127316
1.3897346
2.1717768
1.0782896
1.9263055
0.7722776
1.6796962
1.6731589
1.9651309
0.07132625
2.037016
1.4273845
1.1646607
2.0302794
0.1266688
2.1838195
3.094653
0.9194099
2.1053348
1.1624744
2.1831024
0.09278741
1.7889256
0.09065408
1.3023611
1.0191399
0.8793776
1.196649
0.0
0.77682495
4.635443
3.6666622
0.12820424
3.7749646
0.26392958
3.6608903
2.412975
3.410017
2.3829381
3.1401188
2.3231313
2.8584168
2.2369466
2.5713112
2.1276207
0.659382
2.283705
2.341259
3.279128
2.4515214
2.3000164
2.0934021
1.3670193
1.4034662
3.6473331
4.1988063
2.1831024
0.45197463
2.3569229
1.6265432
0.47188377
3.5448627
0.48213887
0.69969535
1.4109756
2.2181437
2.3447673
1.9003248
2.1554039
1.5929904
1.955647
1.295431
1.7489879
1.0048311
1.5384969
0.719005
1.3269219
0.0
0.9387862
2.556118
0.0
0.72199243
2.8226507
2.6499624
0.5542608
0.3471792
2.2808752
0.46478102
0.20653379
1.7316705
0.26392958
0.92851657
1.024884
0.06255725
1.7979827
2.6179328
0.53375864
1.4511783
4.1451035
1.6670657
1.6780642
4.784832
2.2522929
1.8599372
5.2319183
2.688462
0.41448697
1.3091053
1.101451
1.7096056
2.893741
0.6696879
1.7814711
2.0537608
0.28393027
1.5055821
1.2308286
1.1577514
1.0044416
1.4628632
2.2572408
2.6784687
0.41637102
1.4810767
1.9134616
0.47271234
1.2439545
1.1523302
1.2922548
0.64467704
2.338415
0.61005634
0.35332444
1.970998
0.59082925
0.37534416
1.8747147
0.707759
0.39614183
1.7739854
0.83392155
0.4159008
1.6708181
0.9701534
0.4343124
1.5676043
1.1155733
0.45067394
1.465002
1.2701076
0.4668813
0.8711055
1.4338136
0.90999717
3.276679
1.1763632
0.24549256
2.1704247
0.85934526
0.51586205
2.8044221
0.44936955
0.1866263
2.6358905
0.37167707
0.29541367
2.2900383
0.18974562
0.92365676
1.781581
0.108352356
1.6754966
2.236509
0.5377761
1.6590639
3.3757985
1.5266216
5.007268
0.21214208
0.7937689
1.4719316
0.9689424
2.4510422
0.16312942
1.2051224
1.7629191
0.65849113
1.0048311
1.0673455
1.4202375
0.77833486
0.68442726
0.2748253
1.8062359
1.7340422
0.17913678
0.7833468
0.4233615
1.6436582
0.2973941
0.881378
0.59380245
1.5382425
0.43700722
2.499515
0.4817329
0.41069293
0.52563167
0.23573396
0.2832403
2.9250278
0.44980475
3.1635973
0.3292442
0.07401874
0.41259432
3.1971455
0.31898105
0.5818186
0.2741124
3.4427018
0.22985017
0.85752165
3.7158358
0.03956468
0.9304113
2.4621174
0.2873554
1.1002067
1.1651647
1.2699536
1.0081363
1.4389906
0.838368
0.24147442
2.6480412
0.20367177
0.03426402
3.2660265
0.1643245
0.0656106
3.7057045
0.16312942
0.20463023
4.025063
0.120331295
0.38257295
4.200998
0.0
0.79426175
2.5026455
0.5154826
0.076616675
1.4967175
0.392669
0.80890846
0.132704
0.21489134
0.048456643
0.6540186
0.076616675
0.0
1.1134664
0.9084908
0.6638184
0.85752165
0.6608641
0.34149665
0.9865541
0.34092316
1.8259562
0.85409194
2.5755706
1.1058836
2.28139
0.32445493
2.7651289
0.3426407
2.9457016
0.059347022
2.96174
0.33919698
2.8098614
0.8618463
2.4952044
1.4823974
3.0140882
1.3949349
2.7910588
0.30518743
2.2856755
0.9763861
2.214258
0.9538809
1.6040086
0.78758186
0.9763861
0.5977437
0.39366436
0.5553189
1.7102923
0.34434962
1.6554033
0.4668813
1.5931133
1.8761756
0.97738755
1.1362554
3.035639
0.7279305
1.4818693
0.48213887
3.6282258
2.858896
3.8250518
3.0474818
4.015857
3.233798
4.1986194
3.41753
4.3731823
3.5987484
4.537773
3.7756908
4.6909766
3.9485354
4.832375
4.1163726
4.960726
4.278785
5.074392
4.435309
5.1740355
4.5846677
5.2578454
4.7275405
5.3265285
4.8624835
5.379863
0.07401874
0.09278741
5.691715
0.01978234
1.0781081
1.0680786
0.0
4.1974998
2.5840683
0.6196041
4.090841
1.986132
2.7300062
3.6192021
2.5914054
3.616929
2.447846
1.0719192
1.5774356
2.3297777
3.7199438
1.5196837
1.9649317
1.9379541
0.28046334
2.723617
1.0810082
0.5510744
2.4171894
0.7962302
0.8455726
1.9420902
0.48938954
0.6809879
0.6982957
0.35165912
0.45240733
2.337159
0.8050288
1.392548
1.0978922
0.9087061
1.1134664
0.6638184
0.8577498
0.6608641
0.34149665
0.9865541
0.34092316
1.8260634
0.854321
2.5755706
1.1058836
2.28139
0.32445493
2.7651289
0.34206915
2.9457016
0.06255725
2.961806
0.34034872
2.8098614
0.8618463
2.4952044
1.4822654
3.0141532
1.3947947
2.7910588
0.30518743
2.2855897
0.9761856
2.2141697
0.9536758
1.6040086
0.78783023
0.97658634
0.598071
0.33161288
0.4000739
0.33279094
0.2112177
0.99406266
0.03426402
1.6412752
0.15825877
2.2673628
0.33102232
1.9832723
0.60973555
2.8473008
1.9222373
0.2741124
4.8783717
0.37949178
4.2350783
0.835094
2.0488951
2.6679978
0.23738825
0.43834844
2.4963024
0.7151848
2.1813982
1.0172181
1.742486
0.7818466
0.63334715
1.1145202
0.1570175
1.7075438
0.1532334
1.8061278
0.14536995
1.9044398
0.1384764
2.001445
0.13122122
2.0946171
0.1266688
2.1825643
0.11869406
2.2620912
0.16071254
2.5591025
0.36045197
2.1288161
0.33161288
2.190352
0.29936147
2.2358088
0.26761076
2.2637346
0.23573396
2.271761
0.20270877
2.259927
0.17017418
3.3752182
0.1370561
4.2965083
0.07912937
3.862394
0.01978234
3.3276668
0.0
2.723617
0.08156468
1.9794201
0.13562092
1.8472676
0.08392937
0.9944564
0.08622923
1.636738
0.13562092
2.028833
0.21939689
0.4865827
0.14935343
1.097714
0.35772744
2.1702442
0.7300778
1.6848147
0.35165912
2.1530416
0.20747904
2.7410975
0.93314147
3.4299393
1.7999408
4.198573
2.7847395
3.3605108
2.5719962
1.5749524
2.7978535
1.3524839
2.0782957
2.8484006
